SourceFileHash = D6815610F8A15CB026CDD2A868A91155521F147FD68E46D112FD897F4960165C
SourceFileSize = 660
Irradiance0 = 0.218642607817552 0.225425956850808 0.249039598653711
Irradiance1 = 0.067982433202919 0.071467150171666 0.076955811634127
Irradiance2 = 0.00002861990561 0.000024856244073 0.00002179236184
Irradiance3 = 0.000006356194731 0.000000388978516 -0.000000114432958
Irradiance4 = -0.000021272892258 -0.000029162759057 -0.000028635975227
Irradiance5 = -0.000004417704222 -0.00000360906526 -0.000004394280664
Irradiance6 = 0.000008341610695 0.000007954951894 0.000010716712142
Irradiance7 = 0.000000963716541 -0.000001743983587 -0.000000755052711
Irradiance8 = 0.000026561265806 0.000027068783104 0.000029022271497
