SourceFileHash = BEC8DFC56B64612A1285FEF73A49A08B2B9CAE9274679FFCD273142C393EA454
SourceFileSize = 486
Irradiance0 = 0.999999999999999 0.999999999999999 0.999999999999999
Irradiance1 = 0 0 0
Irradiance2 = 0 0 0
Irradiance3 = 0 0 0
Irradiance4 = 0 0 0
Irradiance5 = 0 0 0
Irradiance6 = 0 0 0
Irradiance7 = 0 0 0
Irradiance8 = 0 0 0
