SourceFileHash = 53729392C530FF75AD88EC9A3E2B6E9005DE1C2702B1872FBE5E1581AACFCF03
SourceFileSize = 606
Irradiance0 = 0.218554182008304 0.225332322283363 0.2489388757334
Irradiance1 = 0.067984059987559 0.07146734489981 0.076953980594454
Irradiance2 = 0.000009998823302 0.000002907154001 0.000002113013469
Irradiance3 = 0.000004356944181 0.000001096972572 0.000001335094968
Irradiance4 = 0.000005578994663 -0.00000042925429 0.000004565847207
Irradiance5 = -0.000003775279745 -0.000006207517834 -0.000003042707728
Irradiance6 = 0.000000198107622 -0.000000525719594 0.000001902769871
Irradiance7 = 0.000001548648045 -0.000002177999547 -0.000001971115685
Irradiance8 = 0.000002091392257 -0.000000320227545 -0.000000331795661
