SourceFileHash = 53729392C530FF75AD88EC9A3E2B6E9005DE1C2702B1872FBE5E1581AACFCF03
SourceFileSize = 606
Irradiance0 = 0.218380248398503 0.225146387542162 0.248741597179651
Irradiance1 = 0.067986485707762 0.07146867435386 0.076952234189364
Irradiance2 = -0.000035403585355 -0.000038992402644 -0.000047894293939
Irradiance3 = 0.000006919048154 -0.000005821316378 -0.000001107991918
Irradiance4 = 0.000061060818766 0.000058892237175 0.000067852243923
Irradiance5 = -0.000003543492208 -0.00000396334555 -0.000000146334523
Irradiance6 = -0.000015304320373 -0.000019192828847 -0.000016745068438
Irradiance7 = -0.000000697767151 -0.000002229526186 -0.000006144792559
Irradiance8 = -0.000048964535158 -0.000051234579131 -0.000056381630917
