SourceFileHash = F4185C6E01614045429A8DB328FE2FAFD569CBAC6704DDF344FC5C518C8B3823
SourceFileSize = 1198957
Irradiance0 = 0.521260716851923 0.545995818748325 0.479142842877392
Irradiance1 = 0.247611870299535 0.267916937407964 0.35970957081033
Irradiance2 = 0.007682340023321 0.002183784896969 -0.004424746336057
Irradiance3 = -0.056573647668362 -0.044652338154647 -0.042392587228209
Irradiance4 = -0.040222867171524 -0.03417932000135 -0.022894846071841
Irradiance5 = 0.024902684748163 0.018683371112899 0.007778167417683
Irradiance6 = -0.007305347485808 -0.00427720103209 -0.004295664247658
Irradiance7 = 0.007100406755907 0.009265095559054 0.013523013311655
Irradiance8 = -0.043984638778877 -0.035611332812657 -0.040826971437348
