SourceFileHash = 5331E5D19B0061E099DBFE5155A43F8DE5DCEF42D1EBBCBBAC22D091ABA99E16
SourceFileSize = 1181836
Irradiance0 = 0.531651291685699 0.555591005383961 0.490474044833818
Irradiance1 = 0.248782087178606 0.269008466794191 0.360723658589975
Irradiance2 = 0.008303290697891 0.002901391757776 -0.003776584683649
Irradiance3 = 0.028294037490679 0.018289859948226 0.012347734863618
Irradiance4 = 0.038440456952922 0.032479999685629 0.021322355992574
Irradiance5 = 0.025078947943692 0.018878093163408 0.007953479395215
Irradiance6 = -0.011642443667466 -0.008302366464684 -0.008894849062171
Irradiance7 = -0.008100649071681 -0.010228440421538 -0.014601625507291
Irradiance8 = -0.031147884924282 -0.02367302873558 -0.027183991892695
