SourceFileHash = EA58EFB50BCBD36232D0E110441F00B8D261579426961D62B6C36FD373994192
SourceFileSize = 714
Irradiance0 = 0.521251891747577 0.545978679618101 0.479020047974162
Irradiance1 = 0.247503170952936 0.267770733320193 0.359538979961387
Irradiance2 = 0.007717287737952 0.002213377003751 -0.004411299573144
Irradiance3 = -0.05652011028009 -0.044628622801414 -0.042393339437356
Irradiance4 = -0.040062793337097 -0.034039979404606 -0.022791415964536
Irradiance5 = 0.024821961268338 0.018596303835885 0.007701944679938
Irradiance6 = -0.007348620299076 -0.004323284113308 -0.004360847027397
Irradiance7 = 0.007207874817037 0.009356936453318 0.013660382982838
Irradiance8 = -0.04408151019165 -0.03573811149202 -0.040968730205956
