SourceFileHash = C656B652ABA1915CD0C27FAAD7BE256B6F2796EB711CEF6A2AADC18DD80A4187
SourceFileSize = 25820705
Irradiance0 = 0.29305191833509 0.300392209702994 0.379229900397483
Irradiance1 = 0.135420415770709 0.200455087358812 0.33389565525089
Irradiance2 = 0.072914644030636 0.100305704996012 0.150327715205659
Irradiance3 = -0.062253128491136 -0.075592943499498 -0.104007134836382
Irradiance4 = -0.080920852877457 -0.08567991453543 -0.103976599317057
Irradiance5 = 0.128047942362048 0.13377055794984 0.163495727934349
Irradiance6 = -0.004808040627578 -0.002743986547946 -0.000811895039922
Irradiance7 = -0.062733344968781 -0.066966387428664 -0.082158351182092
Irradiance8 = -0.030102142002098 -0.02382556124035 -0.024438371083038
